[gd_scene format=3 uid="uid://2754hh6a2esv"]

[ext_resource type="PackedScene" uid="uid://b1g6316yxjmga" path="res://scenes/Player.tscn" id="1_5r8i4"]
[ext_resource type="Texture2D" uid="uid://d37ah5ys5rdx" path="res://assets/textures/grass.jpg" id="1_q6ro2"]
[ext_resource type="Texture2D" uid="uid://cav4a6nigdm83" path="res://assets/textures/moon.jpg" id="2_5osry"]
[ext_resource type="PackedScene" uid="uid://dnyxw0ymgaxi4" path="res://scenes/Environment/Tree.tscn" id="3_u220y"]
[ext_resource type="PackedScene" uid="uid://m3hxd2bwr0c8" path="res://scenes/Enemy.tscn" id="4_mskxn"]
[ext_resource type="PackedScene" uid="uid://bv55684acr0cr" path="res://scenes/Environment/Fence.tscn" id="5_86hyv"]
[ext_resource type="PackedScene" uid="uid://d06iaa88t6bax" path="res://scenes/HUD.tscn" id="5_x4r7r"]

[sub_resource type="ProceduralSkyMaterial" id="ProceduralSkyMaterial_q6ro2"]
sky_top_color = Color(0.058672562, 7.314069e-05, 0.14562559, 1)
sky_horizon_color = Color(0, 0, 0, 1)
sky_curve = 0.08615198
sky_energy_multiplier = 1.62
ground_bottom_color = Color(0, 0, 0, 1)
ground_horizon_color = Color(0, 0, 0, 1)
sun_angle_max = 0.0
use_debanding = false
energy_multiplier = 0.5

[sub_resource type="Sky" id="Sky_mskxn"]
sky_material = SubResource("ProceduralSkyMaterial_q6ro2")

[sub_resource type="Environment" id="Environment_q6ro2"]
background_mode = 2
sky = SubResource("Sky_mskxn")
fog_light_color = Color(0.106357954, 0.119706444, 0.1404773, 1)
fog_sky_affect = 0.0
volumetric_fog_enabled = true
volumetric_fog_density = 0.07
volumetric_fog_albedo = Color(0.088810496, 0.06429659, 0.108177505, 1)
volumetric_fog_emission = Color(0.11939367, 0.10946884, 0.09954437, 1)
volumetric_fog_sky_affect = 0.75

[sub_resource type="StandardMaterial3D" id="StandardMaterial3D_q6ro2"]
albedo_texture = ExtResource("2_5osry")
emission_enabled = true
emission = Color(1, 1, 1, 1)
emission_energy_multiplier = 16.0
emission_on_uv2 = true
backlight = Color(0.9384497, 0.9384497, 0.9384497, 1)
uv1_triplanar_sharpness = 0.00043364873

[sub_resource type="NavigationMesh" id="NavigationMesh_mskxn"]

[sub_resource type="StandardMaterial3D" id="StandardMaterial3D_5osry"]
albedo_texture = ExtResource("1_q6ro2")
uv1_triplanar = true
uv2_triplanar = true

[node name="Graveyard" type="Node3D" unique_id=2063104567]

[node name="Player" parent="." unique_id=894090680 instance=ExtResource("1_5r8i4")]
transform = Transform3D(-0.6996759, 0, 0.7144604, 0, 1, 0, -0.7144604, 0, -0.6996759, 17.322939, 2.0691361, -15.68781)

[node name="WorldEnvironment" type="WorldEnvironment" parent="." unique_id=1245450380]
environment = SubResource("Environment_q6ro2")

[node name="Moon" type="CSGSphere3D" parent="." unique_id=254710705]
transform = Transform3D(1.4, 0, 0, 0, 1.4, 0, 0, 0, 1.4, -349.3689, 276.16846, 266.4923)
cast_shadow = 0
radius = 20.0
material = SubResource("StandardMaterial3D_q6ro2")

[node name="DirectionalLight3D" type="DirectionalLight3D" parent="Moon" unique_id=2035426879]
transform = Transform3D(0.4106258, 0.40162674, -0.4246016, -0.058920253, 0.5447231, 0.4582677, 0.58148, -0.22842243, 0.3462778, 3.5984497, 1.5297241, -0.87260437)
light_energy = 2.0

[node name="NavigationRegion3D" type="NavigationRegion3D" parent="." unique_id=625211722]
transform = Transform3D(1, 0, 0, 0, 1, 0, 0, 0, 1, 0, 3.5799103, 0)
navigation_mesh = SubResource("NavigationMesh_mskxn")

[node name="Map" type="Node3D" parent="NavigationRegion3D" unique_id=1314196626]
transform = Transform3D(1, 0, 0, 0, 1, 0, 0, 0, 1, -0.18730688, -3.7311945, 0.19650364)

[node name="Trees" type="Node3D" parent="NavigationRegion3D/Map" unique_id=1853493295]

[node name="tree1" parent="NavigationRegion3D/Map/Trees" unique_id=2035384471 instance=ExtResource("3_u220y")]
transform = Transform3D(3, 0, 0, 0, 3, 0, 0, 0, 3, 20.115362, -0.0024051666, -9.345737)

[node name="tree2" parent="NavigationRegion3D/Map/Trees" unique_id=209774651 instance=ExtResource("3_u220y")]
transform = Transform3D(3, 0, 0, 0, 3, 0, 0, 0, 3, 16.389273, 0, -4.465684)

[node name="tree3" parent="NavigationRegion3D/Map/Trees" unique_id=2104147631 instance=ExtResource("3_u220y")]
transform = Transform3D(3, 0, 0, 0, 3, 0, 0, 0, 3, 24.830683, -0.0072135925, -11.676919)

[node name="tree4" parent="NavigationRegion3D/Map/Trees" unique_id=268782491 instance=ExtResource("3_u220y")]
transform = Transform3D(3, 0, 0, 0, 3, 0, 0, 0, 3, 20.828413, 1.9073486e-06, -4.4941893)

[node name="tree5" parent="NavigationRegion3D/Map/Trees" unique_id=1079837987 instance=ExtResource("3_u220y")]
transform = Transform3D(3, 0, 0, 0, 3, 0, 0, 0, 3, 26.099464, 0.14407063, -15.74419)

[node name="tree7" parent="NavigationRegion3D/Map/Trees" unique_id=872381179 instance=ExtResource("3_u220y")]
transform = Transform3D(3, 0, 0, 0, 3, 0, 0, 0, 3, 27.076069, -0.0072135925, -19.647614)

[node name="tree6" parent="NavigationRegion3D/Map/Trees" unique_id=106557677 instance=ExtResource("3_u220y")]
transform = Transform3D(3, 0, 0, 0, 3, 0, 0, 0, 3, 26.76747, 0.14407063, -24.43967)

[node name="tree8" parent="NavigationRegion3D/Map/Trees" unique_id=1677771767 instance=ExtResource("3_u220y")]
transform = Transform3D(3, 0, 0, 0, 3, 0, 0, 0, 3, 22.502108, 0.14407063, -26.01593)

[node name="tree9" parent="NavigationRegion3D/Map/Trees" unique_id=104254080 instance=ExtResource("3_u220y")]
transform = Transform3D(3, 0, 0, 0, 3, 0, 0, 0, 3, 18.724276, 0.14407063, -24.802452)

[node name="tree10" parent="NavigationRegion3D/Map/Trees" unique_id=765682696 instance=ExtResource("3_u220y")]
transform = Transform3D(3, 0, 0, 0, 3, 0, 0, 0, 3, 14.636614, 0.14407063, -23.88377)

[node name="tree11" parent="NavigationRegion3D/Map/Trees" unique_id=1902081414 instance=ExtResource("3_u220y")]
transform = Transform3D(3, 0, 0, 0, 3, 0, 0, 0, 3, 12.117426, 0.14407063, -20.99345)

[node name="tree12" parent="NavigationRegion3D/Map/Trees" unique_id=1088707421 instance=ExtResource("3_u220y")]
transform = Transform3D(3, 0, 0, 0, 3, 0, 0, 0, 3, 8.29949, 0.14407063, -19.426472)

[node name="tree13" parent="NavigationRegion3D/Map/Trees" unique_id=933220166 instance=ExtResource("3_u220y")]
transform = Transform3D(3, 0, 0, 0, 3, 0, 0, 0, 3, 4.887859, 0.14407063, -16.616508)

[node name="tree14" parent="NavigationRegion3D/Map/Trees" unique_id=2073020325 instance=ExtResource("3_u220y")]
transform = Transform3D(3, 0, 0, 0, 3, 0, 0, 0, 3, 0.71302557, 0.14407063, -15.163227)

[node name="tree15" parent="NavigationRegion3D/Map/Trees" unique_id=1778379496 instance=ExtResource("3_u220y")]
transform = Transform3D(3, 0, 0, 0, 3, 0, 0, 0, 3, -2.8738532, 0.14407063, -11.668077)

[node name="tree16" parent="NavigationRegion3D/Map/Trees" unique_id=1283494210 instance=ExtResource("3_u220y")]
transform = Transform3D(3, 0, 0, 0, 3, 0, 0, 0, 3, 12.215775, 0.14407063, -1.679719)

[node name="tree17" parent="NavigationRegion3D/Map/Trees" unique_id=44113250 instance=ExtResource("3_u220y")]
transform = Transform3D(3, 0, 0, 0, 3, 0, 0, 0, 3, 17.007998, 0.14407063, 2.6463003)

[node name="tree18" parent="NavigationRegion3D/Map/Trees" unique_id=63407588 instance=ExtResource("3_u220y")]
transform = Transform3D(9, 0, 0, 0, 9, 0, 0, 0, 9, 23.506512, 0.21057987, 0.9890766)

[node name="tree19" parent="NavigationRegion3D/Map/Trees" unique_id=111333596 instance=ExtResource("3_u220y")]
transform = Transform3D(9, 0, 0, 0, 9, 0, 0, 0, 9, -13.354263, 0.21057987, -16.540592)

[node name="tree20" parent="NavigationRegion3D/Map/Trees" unique_id=1472414201 instance=ExtResource("3_u220y")]
transform = Transform3D(3, 0, 0, 0, 3, 0, 0, 0, 3, -6.391968, 0.14407063, -7.1929445)

[node name="tree21" parent="NavigationRegion3D/Map/Trees" unique_id=1282729410 instance=ExtResource("3_u220y")]
transform = Transform3D(3, 0, 0, 0, 3, 0, 0, 0, 3, -9.619686, 0.14407063, -2.4642253)

[node name="tree22" parent="NavigationRegion3D/Map/Trees" unique_id=1470719835 instance=ExtResource("3_u220y")]
transform = Transform3D(3, 0, 0, 0, 3, 0, 0, 0, 3, -11.1174755, 0.14407063, 2.5558653)

[node name="tree23" parent="NavigationRegion3D/Map/Trees" unique_id=643127075 instance=ExtResource("3_u220y")]
transform = Transform3D(9, 0, 0, 0, 9, 0, 0, 0, 9, 20.296978, 0.21057796, 13.450185)

[node name="tree24" parent="NavigationRegion3D/Map/Trees" unique_id=455333745 instance=ExtResource("3_u220y")]
transform = Transform3D(9, 0, 0, 0, 9, 0, 0, 0, 9, 8.631447, 0.21057987, 16.653355)

[node name="tree25" parent="NavigationRegion3D/Map/Trees" unique_id=1145360395 instance=ExtResource("3_u220y")]
transform = Transform3D(3, 0, 0, 0, 3, 0, 0, 0, 3, 10.943155, 0.14406967, 3.6915927)

[node name="tree26" parent="NavigationRegion3D/Map/Trees" unique_id=725388012 instance=ExtResource("3_u220y")]
transform = Transform3D(3, 0, 0, 0, 3, 0, 0, 0, 3, 5.551677, 0.14406967, 5.4053755)

[node name="tree27" parent="NavigationRegion3D/Map/Trees" unique_id=2061735548 instance=ExtResource("3_u220y")]
transform = Transform3D(3, 0, 0, 0, 3, 0, 0, 0, 3, 9.936531, 0.14407063, 9.303814)

[node name="tree28" parent="NavigationRegion3D/Map/Trees" unique_id=841432205 instance=ExtResource("3_u220y")]
transform = Transform3D(3, 0, 0, 0, 3, 0, 0, 0, 3, 2.9823766, 0.14407063, 12.834667)

[node name="tree29" parent="NavigationRegion3D/Map/Trees" unique_id=766719944 instance=ExtResource("3_u220y")]
transform = Transform3D(9, 0, 0, 0, 9, 0, 0, 0, 9, 2.790769, 0.21057987, -23.094658)

[node name="tree30" parent="NavigationRegion3D/Map/Trees" unique_id=50588995 instance=ExtResource("3_u220y")]
transform = Transform3D(9, 0, 0, 0, 9, 0, 0, 0, 9, -27.997576, 0.21057987, -18.97744)

[node name="tree31" parent="NavigationRegion3D/Map/Trees" unique_id=388954906 instance=ExtResource("3_u220y")]
transform = Transform3D(9, 0, 0, 0, 9, 0, 0, 0, 9, -28.133043, 0.21057796, -6.078227)

[node name="tree32" parent="NavigationRegion3D/Map/Trees" unique_id=328655937 instance=ExtResource("3_u220y")]
transform = Transform3D(3, 0, 0, 0, 3, 0, 0, 0, 3, -12.65917, 0.14407063, 8.288035)

[node name="tree33" parent="NavigationRegion3D/Map/Trees" unique_id=1700511517 instance=ExtResource("3_u220y")]
transform = Transform3D(3, 0, 0, 0, 3, 0, 0, 0, 3, -14.667412, 0.14406967, 12.934423)

[node name="tree34" parent="NavigationRegion3D/Map/Trees" unique_id=2084588307 instance=ExtResource("3_u220y")]
transform = Transform3D(3, 0, 0, 0, 3, 0, 0, 0, 3, -17.261175, 0.14407063, 4.7438536)

[node name="tree35" parent="NavigationRegion3D/Map/Trees" unique_id=820058740 instance=ExtResource("3_u220y")]
transform = Transform3D(3, 0, 0, 0, 3, 0, 0, 0, 3, -18.80287, 0.14407063, 10.476024)

[node name="tree36" parent="NavigationRegion3D/Map/Trees" unique_id=541685587 instance=ExtResource("3_u220y")]
transform = Transform3D(3, 0, 0, 0, 3, 0, 0, 0, 3, -20.81111, 0.14406967, 15.122412)

[node name="tree37" parent="NavigationRegion3D/Map/Trees" unique_id=492562179 instance=ExtResource("3_u220y")]
transform = Transform3D(3, 0, 0, 0, 3, 0, 0, 0, 3, -13.579704, 0.14407063, -10.857336)

[node name="tree38" parent="NavigationRegion3D/Map/Trees" unique_id=1981321910 instance=ExtResource("3_u220y")]
transform = Transform3D(3, 0, 0, 0, 3, 0, 0, 0, 3, -15.121399, 0.14407063, -5.125166)

[node name="tree39" parent="NavigationRegion3D/Map/Trees" unique_id=623432294 instance=ExtResource("3_u220y")]
transform = Transform3D(3, 0, 0, 0, 3, 0, 0, 0, 3, -17.12964, 0.14406967, -0.4787779)

[node name="tree40" parent="NavigationRegion3D/Map/Trees" unique_id=1269237024 instance=ExtResource("3_u220y")]
transform = Transform3D(2.8543484, 0, -0.923415, 0, 3, 0, 0.923415, 0, 2.8543484, 0.56762934, 0.14407063, 16.70169)

[node name="tree41" parent="NavigationRegion3D/Map/Trees" unique_id=1150624242 instance=ExtResource("3_u220y")]
transform = Transform3D(2.8543484, 0, -0.923415, 0, 3, 0, 0.923415, 0, 2.8543484, -2.6636057, 0.14407063, 21.681019)

[node name="tree42" parent="NavigationRegion3D/Map/Trees" unique_id=30163661 instance=ExtResource("3_u220y")]
transform = Transform3D(2.8543484, 0, -0.923415, 0, 3, 0, 0.923415, 0, 2.8543484, -6.0045266, 0.14406967, 25.483673)

[node name="tree43" parent="NavigationRegion3D/Map/Trees" unique_id=224215663 instance=ExtResource("3_u220y")]
transform = Transform3D(2.00782, 0, -2.229049, 0, 2.9999998, 0, 2.229049, 0, 2.00782, -10.119585, 0.14406967, 29.087929)

[node name="tree44" parent="NavigationRegion3D/Map/Trees" unique_id=696036815 instance=ExtResource("3_u220y")]
transform = Transform3D(2.00782, 0, -2.229049, 0, 2.9999998, 0, 2.229049, 0, 2.00782, -15.410498, 0.14406967, 31.778816)

[node name="tree45" parent="NavigationRegion3D/Map/Trees" unique_id=2105946034 instance=ExtResource("3_u220y")]
transform = Transform3D(2.00782, 0, -2.229049, 0, 2.9999998, 0, 2.229049, 0, 2.00782, -20.206898, 0.14406872, 33.39636)

[node name="tree46" parent="NavigationRegion3D/Map/Trees" unique_id=647397938 instance=ExtResource("3_u220y")]
transform = Transform3D(2.8543484, 0, -0.923415, 0, 3, 0, 0.923415, 0, 2.8543484, 2.330464, 0.14407063, 24.782764)

[node name="tree47" parent="NavigationRegion3D/Map/Trees" unique_id=1284062150 instance=ExtResource("3_u220y")]
transform = Transform3D(2.8543484, 0, -0.923415, 0, 3, 0, 0.923415, 0, 2.8543484, -0.90077114, 0.14407063, 29.762093)

[node name="tree48" parent="NavigationRegion3D/Map/Trees" unique_id=1808027733 instance=ExtResource("3_u220y")]
transform = Transform3D(2.8543484, 0, -0.923415, 0, 3, 0, 0.923415, 0, 2.8543484, -4.241692, 0.14406967, 33.56475)

[node name="tree50" parent="NavigationRegion3D/Map/Trees" unique_id=656217470 instance=ExtResource("3_u220y")]
transform = Transform3D(2.00782, 0, -2.229049, 0, 2.9999998, 0, 2.229049, 0, 2.00782, -13.647663, 0.14406967, 39.859894)

[node name="tree51" parent="NavigationRegion3D/Map/Trees" unique_id=241118534 instance=ExtResource("3_u220y")]
transform = Transform3D(2.00782, 0, -2.229049, 0, 2.9999998, 0, 2.229049, 0, 2.00782, -18.444063, 0.14406872, 41.477432)

[node name="tree49" parent="NavigationRegion3D/Map/Trees" unique_id=541132663 instance=ExtResource("3_u220y")]
transform = Transform3D(9, 0, 0, 0, 9, 0, 0, 0, 9, -8.375141, 0.21057796, 40.68461)

[node name="tree52" parent="NavigationRegion3D/Map/Trees" unique_id=1920858132 instance=ExtResource("3_u220y")]
transform = Transform3D(9, 0, 0, 0, 9, 0, 0, 0, 9, -23.646479, 0.21057796, 46.71203)

[node name="tree53" parent="NavigationRegion3D/Map/Trees" unique_id=129180988 instance=ExtResource("3_u220y")]
transform = Transform3D(2.00782, 0, -2.229049, 0, 2.9999998, 0, 2.229049, 0, 2.00782, -27.880789, 0.14407063, 34.141937)

[node name="tree54" parent="NavigationRegion3D/Map/Trees" unique_id=1187293495 instance=ExtResource("3_u220y")]
transform = Transform3D(2.00782, 0, -2.229049, 0, 2.9999998, 0, 2.229049, 0, 2.00782, -35.22672, 0.14406681, 32.795986)

[node name="tree55" parent="NavigationRegion3D/Map/Trees" unique_id=1866909015 instance=ExtResource("3_u220y")]
transform = Transform3D(0.51748943, 0, -2.9550304, 0, 3, 0, 2.9550304, 0, 0.51748943, -26.108786, 0.14407396, 20.51847)

[node name="tree56" parent="NavigationRegion3D/Map/Trees" unique_id=379548100 instance=ExtResource("3_u220y")]
transform = Transform3D(0.51748943, 0, -2.9550304, 0, 3, 0, 2.9550304, 0, 0.51748943, -32.02097, 0.14407396, 19.988667)

[node name="tree57" parent="NavigationRegion3D/Map/Trees" unique_id=1537812797 instance=ExtResource("3_u220y")]
transform = Transform3D(0.51748943, 0, -2.9550304, 0, 3, 0, 2.9550304, 0, 0.51748943, -36.944126, 0.14407301, 18.812012)

[node name="tree58" parent="NavigationRegion3D/Map/Trees" unique_id=519071604 instance=ExtResource("3_u220y")]
transform = Transform3D(9, 0, 0, 0, 9, 0, 0, 0, 9, -40.791115, 0.21057987, 0.36357784)

[node name="tree60" parent="NavigationRegion3D/Map/Trees" unique_id=359078015 instance=ExtResource("3_u220y")]
transform = Transform3D(2.00782, 0, -2.229049, 0, 2.9999998, 0, 2.229049, 0, 2.00782, -31.88671, 0.14407063, 38.87658)

[node name="tree61" parent="NavigationRegion3D/Map/Trees" unique_id=1115159355 instance=ExtResource("3_u220y")]
transform = Transform3D(2.00782, 0, -2.229049, 0, 2.9999998, 0, 2.229049, 0, 2.00782, -22.408396, 0.14407063, 37.732914)

[node name="tree59" parent="NavigationRegion3D/Map/Trees" unique_id=411792963 instance=ExtResource("3_u220y")]
transform = Transform3D(3, 0, 0, 0, 3, 0, 0, 0, 3, -24.04584, 0.14407063, 5.1333704)

[node name="tree62" parent="NavigationRegion3D/Map/Trees" unique_id=325895572 instance=ExtResource("3_u220y")]
transform = Transform3D(3, 0, 0, 0, 3, 0, 0, 0, 3, -25.587534, 0.14407063, 10.8655405)

[node name="tree63" parent="NavigationRegion3D/Map/Trees" unique_id=1018226966 instance=ExtResource("3_u220y")]
transform = Transform3D(3, 0, 0, 0, 3, 0, 0, 0, 3, -27.595774, 0.14406967, 15.511929)

[node name="tree64" parent="NavigationRegion3D/Map/Trees" unique_id=216735929 instance=ExtResource("3_u220y")]
transform = Transform3D(3, 0, 0, 0, 3, 0, 0, 0, 3, -31.146976, 0.14407063, 2.283945)

[node name="tree65" parent="NavigationRegion3D/Map/Trees" unique_id=857275229 instance=ExtResource("3_u220y")]
transform = Transform3D(3, 0, 0, 0, 3, 0, 0, 0, 3, -32.68867, 0.14407063, 8.016115)

[node name="tree66" parent="NavigationRegion3D/Map/Trees" unique_id=1589284569 instance=ExtResource("3_u220y")]
transform = Transform3D(3, 0, 0, 0, 3, 0, 0, 0, 3, -34.69691, 0.14406967, 12.662503)

[node name="CSGBox3D3" type="CSGBox3D" parent="NavigationRegion3D/Map" unique_id=976501327]
transform = Transform3D(0.99999964, 0, 0, 0, 0.99999976, 0, 0, 0, 0.99999976, -76.45442, 0, 40.23088)
use_collision = true
size = Vector3(210.97728, 0.001, 134.77269)
material = SubResource("StandardMaterial3D_5osry")
metadata/_edit_lock_ = true

[node name="Fences" type="Node3D" parent="NavigationRegion3D/Map" unique_id=848689603]
transform = Transform3D(1, 0, 0, 0, 1, 0, 0, 0, 1, 0.22101831, 4.7683716e-07, -0.3492267)

[node name="Fence" parent="NavigationRegion3D/Map/Fences" unique_id=458761500 instance=ExtResource("5_86hyv")]
transform = Transform3D(0.7192428, 0, 0.69475883, 0, 1, 0, -0.69475883, 0, 0.7192428, 22.154388, 0, -20.436214)

[node name="Fence2" parent="NavigationRegion3D/Map/Fences" unique_id=413796043 instance=ExtResource("5_86hyv")]
transform = Transform3D(0.4242627, 0, -0.9055392, 0, 1, 0, 0.9055392, 0, 0.4242627, 17.526726, 4.7683716e-07, -21.211727)

[node name="Fence3" parent="NavigationRegion3D/Map/Fences" unique_id=335246169 instance=ExtResource("5_86hyv")]
transform = Transform3D(0.89755875, 0, -0.44089502, 0, 1, 0, 0.44089502, 0, 0.89755875, 22.8848, 4.7683716e-07, -15.747635)

[node name="Fence4" parent="NavigationRegion3D/Map/Fences" unique_id=1413750429 instance=ExtResource("5_86hyv")]
transform = Transform3D(0.7289568, 0, -0.6845598, 0, 1, 0, 0.6845598, 0, 0.7289568, 12.995645, 7.1525574e-07, -17.909937)

[node name="Fence5" parent="NavigationRegion3D/Map/Fences" unique_id=1408767915 instance=ExtResource("5_86hyv")]
transform = Transform3D(0.7289568, 0, -0.6845598, 0, 1, 0, 0.6845598, 0, 0.7289568, 19.627438, 7.1525574e-07, -11.077782)

[node name="Fence6" parent="NavigationRegion3D/Map/Fences" unique_id=1614640827 instance=ExtResource("5_86hyv")]
transform = Transform3D(0.6386336, 0, -0.769511, 0, 1, 0, 0.769511, 0, 0.6386336, 8.837036, 7.1525574e-07, -13.9969425)

[node name="Fence7" parent="NavigationRegion3D/Map/Fences" unique_id=411006911 instance=ExtResource("5_86hyv")]
transform = Transform3D(0.6386336, 0, -0.769511, 0, 1, 0, 0.769511, 0, 0.6386336, 15.46668, 7.1525574e-07, -7.186986)

[node name="Fence8" parent="NavigationRegion3D/Map/Fences" unique_id=1439511624 instance=ExtResource("5_86hyv")]
transform = Transform3D(0.6386336, 0, -0.769511, 0, 1, 0, 0.769511, 0, 0.6386336, 4.4573717, 1.1920929e-06, -10.371499)

[node name="Fence9" parent="NavigationRegion3D/Map/Fences" unique_id=1092233738 instance=ExtResource("5_86hyv")]
transform = Transform3D(0.6386336, 0, -0.769511, 0, 1, 0, 0.769511, 0, 0.6386336, 0.09086037, 1.1920929e-06, -6.7215805)

[node name="Fence11" parent="NavigationRegion3D/Map/Fences" unique_id=48344567 instance=ExtResource("5_86hyv")]
transform = Transform3D(0.6386336, 0, -0.769511, 0, 1, 0, 0.769511, 0, 0.6386336, 11.065142, 1.1920929e-06, -3.5227263)

[node name="Fence12" parent="NavigationRegion3D/Map/Fences" unique_id=461040015 instance=ExtResource("5_86hyv")]
transform = Transform3D(0.6386336, 0, -0.769511, 0, 1, 0, 0.769511, 0, 0.6386336, 6.651484, 1.1920929e-06, 0.14157987)

[node name="Fence13" parent="NavigationRegion3D/Map/Fences" unique_id=553276288 instance=ExtResource("5_86hyv")]
transform = Transform3D(0.8846136, 0, -0.4663248, 0, 1, 0, 0.4663248, 0, 0.8846136, 3.1329293, 2.3841858e-07, 4.462324)

[node name="Fence14" parent="NavigationRegion3D/Map/Fences" unique_id=225195651 instance=ExtResource("5_86hyv")]
transform = Transform3D(0.8846136, 0, -0.4663248, 0, 1, 0, 0.4663248, 0, 0.8846136, -3.4498944, 2.3841858e-07, -2.4101276)

[node name="Fence15" parent="NavigationRegion3D/Map/Fences" unique_id=218930275 instance=ExtResource("5_86hyv")]
transform = Transform3D(0.8846136, 0, -0.4663248, 0, 1, 0, 0.4663248, 0, 0.8846136, -6.108967, 2.3841858e-07, 2.6266441)

[node name="Fence16" parent="NavigationRegion3D/Map/Fences" unique_id=1447509794 instance=ExtResource("5_86hyv")]
transform = Transform3D(0.8846136, 0, -0.4663248, 0, 1, 0, 0.4663248, 0, 0.8846136, 0.4651538, 2.3841858e-07, 9.563613)

[node name="Fence17" parent="NavigationRegion3D/Map/Fences" unique_id=1394355311 instance=ExtResource("5_86hyv")]
transform = Transform3D(0.8846136, 0, -0.4663248, 0, 1, 0, 0.4663248, 0, 0.8846136, -8.723533, 2.3841858e-07, 7.6136007)

[node name="Fence18" parent="NavigationRegion3D/Map/Fences" unique_id=350451286 instance=ExtResource("5_86hyv")]
transform = Transform3D(0.8846136, 0, -0.4663248, 0, 1, 0, 0.4663248, 0, 0.8846136, -11.327723, 2.3841858e-07, 12.5758505)

[node name="Fence19" parent="NavigationRegion3D/Map/Fences" unique_id=2060695429 instance=ExtResource("5_86hyv")]
transform = Transform3D(0.8846136, 0, -0.4663248, 0, 1, 0, 0.4663248, 0, 0.8846136, -2.1749911, 2.3841858e-07, 14.581921)

[node name="Fence20" parent="NavigationRegion3D/Map/Fences" unique_id=1388810769 instance=ExtResource("5_86hyv")]
transform = Transform3D(0.7494182, 0, -0.6620969, 0, 1, 0, 0.6620969, 0, 0.7494182, -5.455961, 2.3841858e-07, 19.22475)

[node name="Fence21" parent="NavigationRegion3D/Map/Fences" unique_id=394144317 instance=ExtResource("5_86hyv")]
transform = Transform3D(0.6757833, 0, -0.73710036, 0, 1, 0, 0.73710036, 0, 0.6757833, -14.785556, 2.3841858e-07, 17.029972)

[node name="Fence22" parent="NavigationRegion3D/Map/Fences" unique_id=1581379578 instance=ExtResource("5_86hyv")]
transform = Transform3D(0.6757833, 0, -0.73710036, 0, 1, 0, 0.73710036, 0, 0.6757833, -9.465968, 1.1920929e-06, 23.287495)

[node name="Fence23" parent="NavigationRegion3D/Map/Fences" unique_id=69392822 instance=ExtResource("5_86hyv")]
transform = Transform3D(0.6757833, 0, -0.73710036, 0, 1, 0, 0.73710036, 0, 0.6757833, -13.674001, 1.1920929e-06, 27.151876)

[node name="Fence24" parent="NavigationRegion3D/Map/Fences" unique_id=1836807129 instance=ExtResource("5_86hyv")]
transform = Transform3D(0.652535, 0, -0.75775856, 0, 1, 0, 0.75775856, 0, 0.652535, -19.114563, 2.1457672e-06, 20.876657)

[node name="Fence25" parent="NavigationRegion3D/Map/Fences" unique_id=898900235 instance=ExtResource("5_86hyv")]
transform = Transform3D(0.14406271, 0, -0.98956865, 0, 1, 0, 0.98956865, 0, 0.14406271, -18.670238, 1.1920929e-06, 29.506042)

[node name="Fence26" parent="NavigationRegion3D/Map/Fences" unique_id=822370355 instance=ExtResource("5_86hyv")]
transform = Transform3D(0.14406271, 0, -0.98956865, 0, 1, 0, 0.98956865, 0, 0.14406271, -24.22966, 1.1920929e-06, 23.255516)

[node name="Fence27" parent="NavigationRegion3D/Map/Fences" unique_id=338023436 instance=ExtResource("5_86hyv")]
transform = Transform3D(0.14406271, 0, -0.98956865, 0, 1, 0, 0.98956865, 0, 0.14406271, -24.38491, 1.1920929e-06, 30.378235)

[node name="Fence28" parent="NavigationRegion3D/Map/Fences" unique_id=1200539525 instance=ExtResource("5_86hyv")]
transform = Transform3D(-4.3711392e-08, 0, 1.0000001, 0, 1, 0, -1.0000001, 0, -4.3711392e-08, -30.123959, 1.1920929e-06, 30.685778)

[node name="Fence29" parent="NavigationRegion3D/Map/Fences" unique_id=879072523 instance=ExtResource("5_86hyv")]
transform = Transform3D(-4.3711392e-08, 0, 1.0000001, 0, 1, 0, -1.0000001, 0, -4.3711392e-08, -29.947292, 1.1920929e-06, 23.601479)

[node name="Fence30" parent="NavigationRegion3D/Map/Fences" unique_id=598946796 instance=ExtResource("5_86hyv")]
transform = Transform3D(-4.3711392e-08, 0, 1.0000001, 0, 1, 0, -1.0000001, 0, -4.3711392e-08, -35.86927, 1.1920929e-06, 30.685778)

[node name="Fence31" parent="NavigationRegion3D/Map/Fences" unique_id=224595384 instance=ExtResource("5_86hyv")]
transform = Transform3D(-4.3711392e-08, 0, 1.0000001, 0, 1, 0, -1.0000001, 0, -4.3711392e-08, -35.692604, 1.1920929e-06, 23.601479)

[node name="Fence32" parent="NavigationRegion3D/Map/Fences" unique_id=146034672 instance=ExtResource("5_86hyv")]
transform = Transform3D(-4.3711392e-08, 0, 1.0000001, 0, 1, 0, -1.0000001, 0, -4.3711392e-08, -41.65026, 1.1920929e-06, 30.685778)

[node name="Fence33" parent="NavigationRegion3D/Map/Fences" unique_id=552441399 instance=ExtResource("5_86hyv")]
transform = Transform3D(-4.3711392e-08, 0, 1.0000001, 0, 1, 0, -1.0000001, 0, -4.3711392e-08, -41.473595, 1.1920929e-06, 23.601479)

[node name="Fence34" parent="NavigationRegion3D/Map/Fences" unique_id=2077053022 instance=ExtResource("5_86hyv")]
transform = Transform3D(-4.3711392e-08, 0, 1.0000001, 0, 1, 0, -1.0000001, 0, -4.3711392e-08, -47.395573, 1.1920929e-06, 30.685778)

[node name="Fence35" parent="NavigationRegion3D/Map/Fences" unique_id=1563238432 instance=ExtResource("5_86hyv")]
transform = Transform3D(-4.3711392e-08, 0, 1.0000001, 0, 1, 0, -1.0000001, 0, -4.3711392e-08, -47.218906, 1.1920929e-06, 23.601479)

[node name="Fence36" parent="NavigationRegion3D/Map/Fences" unique_id=1075747740 instance=ExtResource("5_86hyv")]
transform = Transform3D(-4.3711392e-08, 0, 1.0000001, 0, 1, 0, -1.0000001, 0, -4.3711392e-08, -53.11739, 1.1920929e-06, 30.685778)

[node name="Fence37" parent="NavigationRegion3D/Map/Fences" unique_id=2126960378 instance=ExtResource("5_86hyv")]
transform = Transform3D(-4.3711392e-08, 0, 1.0000001, 0, 1, 0, -1.0000001, 0, -4.3711392e-08, -52.940723, 1.1920929e-06, 23.601479)

[node name="Enemies" type="Node3D" parent="NavigationRegion3D" unique_id=1642701137]

[node name="Enemy" parent="NavigationRegion3D/Enemies" unique_id=1784765703 instance=ExtResource("4_mskxn")]
transform = Transform3D(1, 0, 0, 0, 1, 0, 0, 0, 1, 0.29299343, -1.895638, 1.2854304)
player_path = NodePath("../../../Player")

[node name="HUD" parent="." unique_id=675890851 instance=ExtResource("5_x4r7r")]
