[gd_scene format=3 uid="uid://bv3gum3en5j8a"]

[ext_resource type="PackedScene" uid="uid://disx0ku6uxok6" path="res://scenes/Player.tscn" id="1_elqb8"]
[ext_resource type="Shader" uid="uid://be2wqmy7hyoi2" path="res://shaders/ps1_post_process.gdshader" id="2_rvslj"]
[ext_resource type="PackedScene" uid="uid://d2t17spj8ervx" path="res://scenes/Enemy.tscn" id="3_0bbpv"]
[ext_resource type="Script" uid="uid://su414ywk520v" path="res://scripts/HUD.gd" id="4_rarhs"]
[ext_resource type="Texture2D" uid="uid://qrtstjs66d4y" path="res://assets/cig1.png" id="5_c01mt"]
[ext_resource type="Texture2D" uid="uid://bjp7ypfcvehdl" path="res://assets/filter.png" id="6_nxtc6"]
[ext_resource type="Texture2D" uid="uid://xiy4c10iro4m" path="res://assets/ash.png" id="7_nxtc6"]
[ext_resource type="PackedScene" uid="uid://c43aprpo2gvnm" path="res://scenes/Messagebox.tscn" id="8_jlsqs"]
[ext_resource type="PackedScene" uid="uid://bv55684acr0cr" path="res://scenes/Fence.tscn" id="9_q8u5g"]

[sub_resource type="BoxMesh" id="BoxMesh_qnwvq"]

[sub_resource type="BoxShape3D" id="BoxShape3D_elqb8"]
size = Vector3(1, 1, 1.0165405)

[sub_resource type="ShaderMaterial" id="ShaderMaterial_0bbpv"]
shader = ExtResource("2_rvslj")

[node name="Main" type="Node3D" unique_id=890243064]

[node name="Floor" type="StaticBody3D" parent="." unique_id=1654440188]
transform = Transform3D(1, 0, 0, 0, 1, 0, 0, 0, 1, -0.08578721, -0.24224544, 0.2909665)

[node name="MeshInstance3D" type="MeshInstance3D" parent="Floor" unique_id=657927813]
transform = Transform3D(46, 0, 0, 0, 1, 0, 0, 0, 46, 0, 0, 0.372)
mesh = SubResource("BoxMesh_qnwvq")

[node name="CollisionShape3D" type="CollisionShape3D" parent="Floor" unique_id=570475973]
transform = Transform3D(45, 0, 0, 0, 1, 0, 0, 0, 45, 0, 0, 0.37216187)
shape = SubResource("BoxShape3D_elqb8")

[node name="DirectionalLight3D" type="DirectionalLight3D" parent="." unique_id=1041596452]
transform = Transform3D(1, 0, 0, 0, 0.7071068, 0.7071068, 0, -0.7071068, 0.7071068, 10.80018, 5.582452, -9.197323)

[node name="Player" parent="." unique_id=894090680 instance=ExtResource("1_elqb8")]
transform = Transform3D(1, 0, 0, 0, 1, 0, 0, 0, 1, 0.44638264, 4.7538786, 0.50618815)
speed = 5.0
controller_sensitivity = 2.0
gravity = 9.8
shoot_cooldown = 0.3

[node name="Shader" type="CanvasLayer" parent="." unique_id=184422939]

[node name="ColorRect" type="ColorRect" parent="Shader" unique_id=935701772]
material = SubResource("ShaderMaterial_0bbpv")
anchors_preset = 15
anchor_right = 1.0
anchor_bottom = 1.0
grow_horizontal = 2
grow_vertical = 2

[node name="Enemy" parent="." unique_id=1988293381 instance=ExtResource("3_0bbpv")]
transform = Transform3D(1, 0, 0, 0, 1, 0, 0, 0, 1, -9.415243, 2.3642344, 1.2368894)

[node name="HUD" type="CanvasLayer" parent="." unique_id=1489620400]
script = ExtResource("4_rarhs")

[node name="HealthBarContainer" type="ColorRect" parent="HUD" unique_id=1704796899]
z_index = 1
offset_right = 150.0
offset_bottom = 20.0
color = Color(0.24115604, 0.24115604, 0.24115604, 1)

[node name="HealthBar" type="ColorRect" parent="HUD/HealthBarContainer" unique_id=1280657011]
layout_mode = 1
offset_right = 150.0
offset_bottom = 20.0
color = Color(1, 0.19279307, 0.15845188, 1)

[node name="CigaretteBarContainer" type="Control" parent="HUD" unique_id=528145049]
layout_mode = 3
anchors_preset = 0
offset_top = 119.0
offset_right = 150.0
offset_bottom = 139.0

[node name="Filter" type="TextureRect" parent="HUD/CigaretteBarContainer" unique_id=217731313]
layout_mode = 0
offset_right = 46.0
offset_bottom = 20.0
texture = ExtResource("6_nxtc6")
expand_mode = 1

[node name="CigMask" type="Control" parent="HUD/CigaretteBarContainer" unique_id=1579542464]
clip_contents = true
anchors_preset = 0
offset_left = 46.0
offset_right = 146.0
offset_bottom = 20.0

[node name="Cigarette" type="TextureRect" parent="HUD/CigaretteBarContainer/CigMask" unique_id=1233317224]
layout_mode = 0
offset_right = 100.0
offset_bottom = 20.0
texture = ExtResource("5_c01mt")
expand_mode = 1
flip_h = true

[node name="Smoke" type="CPUParticles2D" parent="HUD/CigaretteBarContainer" unique_id=1834523287]
z_index = 1
position = Vector2(153, 11)
amount = 1000
lifetime = 0.5
emission_shape = 2
emission_sphere_radius = 2.0
gravity = Vector2(0, -100)

[node name="BurnTip" type="TextureRect" parent="HUD/CigaretteBarContainer" unique_id=1811251767]
layout_mode = 0
offset_left = 146.0
offset_right = 150.0
offset_bottom = 20.0
texture = ExtResource("7_nxtc6")
expand_mode = 1

[node name="Messagebox" parent="HUD" unique_id=804070227 instance=ExtResource("8_jlsqs")]

[node name="Objects" type="Node3D" parent="." unique_id=2097495213]

[node name="Fence" parent="Objects" unique_id=1319233291 instance=ExtResource("9_q8u5g")]
transform = Transform3D(1, 0, 0, 0, 1, 0, 0, 0, 1, 22.408302, 0.27894104, -19.28015)

[node name="Fence2" parent="Objects" unique_id=458761500 instance=ExtResource("9_q8u5g")]
transform = Transform3D(1, 0, 0, 0, 1, 0, 0, 0, 1, 22.408596, 0.2796595, -13.542107)

[node name="Fence3" parent="Objects" unique_id=86869348 instance=ExtResource("9_q8u5g")]
transform = Transform3D(1, 0, 0, 0, 1, 0, 0, 0, 1, 22.408596, 0.2796595, -7.8161907)

[node name="Fence4" parent="Objects" unique_id=1534251946 instance=ExtResource("9_q8u5g")]
transform = Transform3D(1, 0, 0, 0, 1, 0, 0, 0, 1, 22.408596, 0.2796595, -2.1151896)

[node name="Fence5" parent="Objects" unique_id=593525687 instance=ExtResource("9_q8u5g")]
transform = Transform3D(1, 0, 0, 0, 1, 0, 0, 0, 1, 22.408596, 0.2796595, 3.60786)

[node name="Fence6" parent="Objects" unique_id=142094935 instance=ExtResource("9_q8u5g")]
transform = Transform3D(1, 0, 0, 0, 1, 0, 0, 0, 1, 22.408596, 0.2796595, 9.315461)

[node name="Fence7" parent="Objects" unique_id=1834216642 instance=ExtResource("9_q8u5g")]
transform = Transform3D(1, 0, 0, 0, 1, 0, 0, 0, 1, 22.408596, 0.2796595, 14.962786)

[node name="Fence8" parent="Objects" unique_id=1749138922 instance=ExtResource("9_q8u5g")]
transform = Transform3D(1, 0, 0, 0, 1, 0, 0, 0, 1, 22.408596, 0.2796595, 20.66003)

[node name="Fence9" parent="Objects" unique_id=348314457 instance=ExtResource("9_q8u5g")]
transform = Transform3D(1, 0, 0, 0, 1, 0, 0, 0, 1, -21.679073, 0.27894104, -19.28015)

[node name="Fence10" parent="Objects" unique_id=1069387372 instance=ExtResource("9_q8u5g")]
transform = Transform3D(1, 0, 0, 0, 1, 0, 0, 0, 1, -21.67878, 0.2796595, -13.542107)

[node name="Fence11" parent="Objects" unique_id=95856293 instance=ExtResource("9_q8u5g")]
transform = Transform3D(1, 0, 0, 0, 1, 0, 0, 0, 1, -21.67878, 0.2796595, -7.8161907)

[node name="Fence12" parent="Objects" unique_id=2052499990 instance=ExtResource("9_q8u5g")]
transform = Transform3D(1, 0, 0, 0, 1, 0, 0, 0, 1, -21.67878, 0.2796595, -2.1151896)

[node name="Fence13" parent="Objects" unique_id=1442900610 instance=ExtResource("9_q8u5g")]
transform = Transform3D(1, 0, 0, 0, 1, 0, 0, 0, 1, -21.67878, 0.2796595, 3.60786)

[node name="Fence14" parent="Objects" unique_id=2145554723 instance=ExtResource("9_q8u5g")]
transform = Transform3D(1, 0, 0, 0, 1, 0, 0, 0, 1, -21.67878, 0.2796595, 9.315461)

[node name="Fence15" parent="Objects" unique_id=616575773 instance=ExtResource("9_q8u5g")]
transform = Transform3D(1, 0, 0, 0, 1, 0, 0, 0, 1, -21.67878, 0.2796595, 14.962786)

[node name="Fence16" parent="Objects" unique_id=1084961491 instance=ExtResource("9_q8u5g")]
transform = Transform3D(1, 0, 0, 0, 1, 0, 0, 0, 1, -21.67878, 0.2796595, 20.66003)

[node name="Fence17" parent="Objects" unique_id=1030425999 instance=ExtResource("9_q8u5g")]
transform = Transform3D(-1.7431796e-05, 7.5804047e-07, 1.0000001, 0.043445025, 0.9990559, 0, -0.9990558, 0.04344502, -1.7448268e-05, -20.146076, 0.27893046, 23.166851)

[node name="Fence18" parent="Objects" unique_id=2133324712 instance=ExtResource("9_q8u5g")]
transform = Transform3D(-1.7431796e-05, 7.5804047e-07, 1.0000001, 0.043445025, 0.9990559, 0, -0.9990558, 0.04344502, -1.7448268e-05, -14.408033, 0.27966103, 23.166489)

[node name="Fence19" parent="Objects" unique_id=303605375 instance=ExtResource("9_q8u5g")]
transform = Transform3D(-1.7431796e-05, 7.5804047e-07, 1.0000001, 0.043445025, 0.9990559, 0, -0.9990558, 0.04344502, -1.7448268e-05, -8.682118, 0.27966103, 23.16639)

[node name="Fence20" parent="Objects" unique_id=1997650354 instance=ExtResource("9_q8u5g")]
transform = Transform3D(-1.7431796e-05, 7.5804047e-07, 1.0000001, 0.043445025, 0.9990559, 0, -0.9990558, 0.04344502, -1.7448268e-05, -2.9811172, 0.27966103, 23.16629)

[node name="Fence21" parent="Objects" unique_id=656473486 instance=ExtResource("9_q8u5g")]
transform = Transform3D(-1.7431796e-05, 7.5804047e-07, 1.0000001, 0.043445025, 0.9990559, 0, -0.9990558, 0.04344502, -1.7448268e-05, 2.7419326, 0.27966103, 23.166191)

[node name="Fence22" parent="Objects" unique_id=998404784 instance=ExtResource("9_q8u5g")]
transform = Transform3D(-1.7431796e-05, 7.5804047e-07, 1.0000001, 0.043445025, 0.9990559, 0, -0.9990558, 0.04344502, -1.7448268e-05, 8.449533, 0.27966103, 23.16609)

[node name="Fence23" parent="Objects" unique_id=1343450411 instance=ExtResource("9_q8u5g")]
transform = Transform3D(-1.7431796e-05, 7.5804047e-07, 1.0000001, 0.043445025, 0.9990559, 0, -0.9990558, 0.04344502, -1.7448268e-05, 14.096859, 0.27966103, 23.165993)

[node name="Fence24" parent="Objects" unique_id=145267029 instance=ExtResource("9_q8u5g")]
transform = Transform3D(-1.7431796e-05, 7.5804047e-07, 1.0000001, 0.043445025, 0.9990559, 0, -0.9990558, 0.04344502, -1.7448268e-05, 19.794104, 0.27966103, 23.165894)
